	5621	5821	6021	6221	6421	6621	6821	7021	7221	7421	7621	7821	8021	8221	8421	8621	8821	9021	9221	9421	9621	9821	10021	10221	10421	10621	10821	11021	11221	11421	11621	11821	12021	12221	12421	12621	12821	13021	13221	13421	13621	13821	14021	14221	14421	14621	14821	15021	15221	15421	15621	15821	16021
5621	0	19	333	484	396	333	61	122	395	397	423	373	308	407	499	341	385	308	412	415	426	259	425	326	296	310	374	369	262	389	381	380	214	546	312	261	377	429	332	407	500	445	412	381	358	349	265	410	441	410	256	88	0
5821	19	230	430	785	706	1192	652	328	380	307	376	388	405	404	422	423	835	639	633	533	965	920	795	617	695	865	625	645	699	902	658	962	562	863	592	802	726	821	694	604	1005	712	692	592	769	659	892	768	849	803	1222	245	0
6021	333	430	186	424	585	1464	707	770	654	737	552	948	609	663	171	246	620	371	347	386	340	420	456	263	515	502	355	548	578	908	608	845	547	661	638	464	870	853	814	811	656	492	541	693	741	730	882	661	868	635	1221	234	0
6221	484	785	424	156	340	1380	651	878	782	849	680	914	594	766	599	744	798	579	824	757	713	459	498	526	467	443	518	258	412	451	187	334	351	458	394	508	693	747	596	395	647	343	454	428	580	660	786	661	893	595	1137	279	4
6421	396	706	585	340	154	879	756	609	572	745	477	736	505	257	290	348	509	282	811	440	601	493	433	494	475	282	166	447	538	453	444	313	540	231	128	357	271	464	376	307	225	114	293	106	424	337	566	644	639	495	1030	240	0
6621	333	1192	1464	1380	879	1552	685	1180	1242	1207	1212	1585	1239	1122	1187	1320	1314	1260	1460	879	1503	1155	1468	1102	1313	1197	1008	1143	1209	1377	1020	1318	1061	1269	1103	1226	1265	1525	1308	1425	1104	1051	1197	1000	1243	770	857	863	842	918	1401	503	0
6821	61	652	707	651	756	685	230	449	512	645	815	739	744	627	636	529	748	672	898	747	947	661	646	643	633	790	498	656	547	849	725	820	598	721	531	828	758	722	682	774	708	659	620	550	615	600	871	588	858	657	1031	191	0
7021	122	328	770	878	609	1180	449	260	536	665	707	768	696	927	557	327	715	781	965	815	788	611	838	666	539	913	455	554	434	902	717	752	427	770	406	491	876	769	865	778	724	651	445	369	638	589	805	985	856	609	1322	265	0
7221	395	380	654	782	572	1242	512	536	224	271	627	552	693	593	421	365	723	628	537	675	691	653	740	587	566	710	469	670	605	691	644	732	441	646	710	786	658	786	563	843	619	487	580	510	296	259	649	624	734	756	1000	214	4
7421	397	307	737	849	745	1207	645	665	271	194	500	663	861	826	498	243	968	720	881	865	701	692	750	788	707	882	421	470	686	904	626	807	494	890	500	535	819	816	844	602	750	662	465	370	421	500	831	857	825	499	1061	369	0
7621	423	376	552	680	477	1212	815	707	627	500	46	452	758	501	169	370	715	450	542	629	778	455	520	355	628	626	120	334	348	750	388	680	313	341	288	358	699	608	467	523	366	327	137	127	285	222	635	635	766	425	998	140	2
7821	373	388	948	914	736	1585	739	768	552	663	452	254	621	767	721	532	924	727	965	851	970	911	654	663	694	1060	489	595	605	1053	758	955	711	847	492	851	756	788	950	895	1014	540	430	650	795	608	1045	874	1028	712	1287	279	0
8021	308	405	609	594	505	1239	744	696	693	861	758	621	150	410	529	403	769	414	713	556	612	697	453	619	451	759	550	468	373	829	486	504	702	657	550	583	615	587	545	618	651	373	556	450	437	482	818	534	732	686	1258	326	0
8221	407	404	663	766	257	1122	627	927	593	826	501	767	410	190	303	201	652	425	458	532	588	613	955	384	602	650	208	378	521	801	543	528	320	532	128	553	577	570	622	487	424	298	190	117	358	173	189	717	792	386	914	260	0
8421	499	422	171	599	290	1187	636	557	421	498	169	721	529	303	0	98	278	412	277	439	376	694	487	250	485	433	107	206	161	464	369	269	213	296	109	427	621	223	456	306	211	212	97	84	206	166	362	605	638	236	598	313	4
8621	341	423	246	744	348	1320	529	327	365	243	370	532	403	201	98	8	275	358	472	486	786	668	720	541	474	584	121	469	333	734	215	287	240	415	297	553	708	539	540	498	165	196	179	128	391	239	319	678	830	256	569	137	0
8821	385	835	620	798	509	1314	748	715	723	968	715	924	769	652	278	275	256	468	871	835	706	941	849	742	483	956	394	313	651	969	753	536	163	725	396	571	881	765	852	555	648	312	179	240	310	367	841	942	924	514	1100	220	0
9021	308	639	371	579	282	1260	672	781	628	720	450	727	414	425	412	358	468	134	366	666	705	681	550	458	482	649	172	240	374	777	490	513	243	733	388	435	696	541	655	349	527	269	122	165	332	652	531	550	576	362	587	82	0
9221	412	633	347	824	811	1460	898	965	537	881	542	965	713	458	277	472	871	366	198	514	759	925	695	909	781	815	237	525	404	1066	730	839	537	752	662	598	816	805	828	790	807	456	519	565	772	581	803	705	1057	684	971	259	0
9421	415	533	386	757	440	879	747	815	675	865	629	851	556	532	439	486	835	666	514	308	379	565	574	624	568	614	396	594	500	752	555	735	409	693	383	634	802	631	662	556	631	405	314	241	519	260	687	665	712	525	1150	301	2
9621	426	965	340	713	601	1503	947	788	691	701	778	970	612	588	376	786	706	705	759	379	126	336	660	797	718	959	366	626	594	1022	656	738	299	948	778	511	843	868	889	963	852	658	300	480	711	778	813	892	873	678	1421	301	3
9821	259	920	420	459	493	1155	661	611	653	692	455	911	697	613	694	668	941	681	925	565	336	130	469	530	439	710	526	632	452	576	629	502	648	569	543	433	594	573	737	572	574	570	413	587	586	755	683	444	613	434	1177	282	0
10021	425	795	456	498	433	1468	646	838	740	750	520	654	453	955	487	720	849	550	695	574	660	469	218	342	569	758	245	332	465	763	473	857	284	733	357	446	595	687	628	489	564	296	276	303	387	409	419	640	840	391	931	177	3
10221	326	617	263	526	494	1102	643	666	587	788	355	663	619	384	250	541	742	458	909	624	797	530	342	118	468	683	368	453	456	501	508	527	423	516	405	525	578	675	580	630	219	409	582	104	497	255	796	637	642	523	841	382	0
10421	296	695	515	467	475	1313	633	539	566	707	628	694	451	602	485	474	483	482	781	568	718	439	569	468	146	440	280	326	665	843	686	768	320	491	321	397	885	742	706	705	601	399	425	289	461	458	650	878	700	450	1161	185	0
10621	310	865	502	443	282	1197	790	913	710	882	626	1060	759	650	433	584	956	649	815	614	959	710	758	683	440	228	136	265	234	526	494	421	229	479	412	493	697	560	432	559	409	277	200	159	303	321	606	406	650	372	860	265	0
10821	374	625	355	518	166	1008	498	455	469	421	120	489	550	208	107	121	394	172	237	396	366	526	245	368	280	136	10	228	248	404	204	377	79	485	41	500	700	278	459	421	183	104	93	80	296	115	367	524	758	162	343	92	0
11021	369	645	548	258	447	1143	656	554	670	470	334	595	468	378	206	469	313	240	525	594	626	632	332	453	326	265	228	80	314	725	622	587	393	350	255	339	754	578	675	610	503	263	204	104	324	295	514	768	563	207	866	174	0
11221	262	699	578	412	538	1209	547	434	605	686	348	605	373	521	161	333	651	374	404	500	594	452	465	456	665	234	248	314	86	361	630	841	356	841	438	830	903	852	845	660	672	357	395	313	560	276	547	702	837	513	650	233	0
11421	389	902	908	451	453	1377	849	902	691	904	750	1053	829	801	464	734	969	777	1066	752	1022	576	763	501	843	526	404	725	361	158	447	803	250	654	391	568	832	847	769	686	679	407	146	243	512	352	750	790	815	530	1080	242	0
11621	381	658	608	187	444	1020	725	717	644	626	388	758	486	543	369	215	753	490	730	555	656	629	473	508	686	494	204	622	630	447	208	425	509	569	367	683	845	717	715	353	468	275	261	240	284	343	466	484	668	376	966	209	0
11821	380	962	845	334	313	1318	820	752	732	807	680	955	504	528	269	287	536	513	839	735	738	502	857	527	768	421	377	587	841	803	425	128	330	648	508	409	683	501	311	348	494	263	187	164	465	339	417	537	625	321	970	388	0
12021	214	562	547	351	540	1061	598	427	441	494	313	711	702	320	213	240	163	243	537	409	299	648	284	423	320	229	79	393	356	250	509	330	176	291	511	859	774	509	793	545	653	395	442	201	505	325	775	807	963	315	634	275	0
12221	546	863	661	458	231	1269	721	770	646	890	341	847	657	532	296	415	725	733	752	693	948	569	733	516	491	479	485	350	841	654	569	648	291	150	341	431	452	442	392	453	356	332	198	316	289	258	424	528	692	256	948	141	0
12421	312	592	638	394	128	1103	531	406	710	500	288	492	550	128	109	297	396	388	662	383	778	543	357	405	321	412	41	255	438	391	367	508	511	341	16	322	510	499	690	565	258	446	125	173	295	374	578	571	612	225	365	100	0
12621	261	802	464	508	357	1226	828	491	786	535	358	851	583	553	427	553	571	435	598	634	511	433	446	525	397	493	500	339	830	568	683	409	859	431	322	156	272	818	925	747	931	627	617	437	710	517	755	825	840	555	1170	288	0
12821	377	726	870	693	271	1265	758	876	658	819	699	756	615	577	621	708	881	696	816	802	843	594	595	578	885	697	700	754	903	832	845	683	774	452	510	272	174	347	496	524	501	406	271	75	406	306	627	680	858	306	991	273	4
13021	429	821	853	747	464	1525	722	769	786	816	608	788	587	570	223	539	765	541	805	631	868	573	687	675	742	560	278	578	852	847	717	501	509	442	499	818	347	204	319	515	582	592	195	226	310	564	805	887	663	678	1070	142	2
13221	332	694	814	596	376	1308	682	865	563	844	467	950	545	622	456	540	852	655	828	662	889	737	628	580	706	432	459	675	845	769	715	311	793	392	690	925	496	319	136	339	389	272	365	319	422	253	550	564	699	495	964	301	0
13421	407	604	811	395	307	1425	774	778	843	602	523	895	618	487	306	498	555	349	790	556	963	572	489	630	705	559	421	610	660	686	353	348	545	453	565	747	524	515	339	88	192	319	153	156	413	228	739	736	816	448	956	206	0
13621	500	1005	656	647	225	1104	708	724	619	750	366	1014	651	424	211	165	648	527	807	631	852	574	564	219	601	409	183	503	672	679	468	494	653	356	258	931	501	582	389	192	76	276	170	264	269	195	491	581	632	435	730	122	0
13821	445	712	492	343	114	1051	659	651	487	662	327	540	373	298	212	196	312	269	456	405	658	570	296	409	399	277	104	263	357	407	275	263	395	332	446	627	406	592	272	319	276	164	12	66	303	125	418	671	635	187	714	161	0
14021	412	692	541	454	293	1197	620	445	580	465	137	430	556	190	97	179	179	122	519	314	300	413	276	582	425	200	93	204	395	146	261	187	442	198	125	617	271	195	365	153	170	12	0	27	107	166	260	458	615	37	336	173	4
14221	381	592	693	428	106	1000	550	369	510	370	127	650	450	117	84	128	240	165	565	241	480	587	303	104	289	159	80	104	313	243	240	164	201	316	173	437	75	226	319	156	264	66	27	0	54	107	358	638	715	121	402	101	0
14421	358	769	741	580	424	1243	615	638	296	421	285	795	437	358	206	391	310	332	772	519	711	586	387	497	461	303	296	324	560	512	284	465	505	289	295	710	406	310	422	413	269	303	107	54	0	85	273	794	683	337	556	42	0
14621	349	659	730	660	337	770	600	589	259	500	222	608	482	173	166	239	367	652	581	260	778	755	409	255	458	321	115	295	276	352	343	339	325	258	374	517	306	564	253	228	195	125	166	107	85	0	340	517	747	195	395	79	0
14821	265	892	882	786	566	857	871	805	649	831	635	1045	818	189	362	319	841	531	803	687	813	683	419	796	650	606	367	514	547	750	466	417	775	424	578	755	627	805	550	739	491	418	260	358	273	340	178	402	969	662	1235	219	0
15021	410	768	661	661	644	863	588	985	624	857	635	874	534	717	605	678	942	550	705	665	892	444	640	637	878	406	524	768	702	790	484	537	807	528	571	825	680	887	564	736	581	671	458	638	794	517	402	320	532	555	1069	391	3
15221	441	849	868	893	639	842	858	856	734	825	766	1028	732	792	638	830	924	576	1057	712	873	613	840	642	700	650	758	563	837	815	668	625	963	692	612	840	858	663	699	816	632	635	615	715	683	747	969	532	152	196	1336	314	0
15421	410	803	635	595	495	918	657	609	756	499	425	712	686	386	236	256	514	362	684	525	678	434	391	523	450	372	162	207	513	530	376	321	315	256	225	555	306	678	495	448	435	187	37	121	337	195	662	555	196	204	496	288	0
15621	256	1222	1221	1137	1030	1401	1031	1322	1000	1061	998	1287	1258	914	598	569	1100	587	971	1150	1421	1177	931	841	1161	860	343	866	650	1080	966	970	634	948	365	1170	991	1070	964	956	730	714	336	402	556	395	1235	1069	1336	496	778	343	35
15821	88	245	234	279	240	503	191	265	214	369	140	279	326	260	313	137	220	82	259	301	301	282	177	382	185	265	92	174	233	242	209	388	275	141	100	288	273	142	301	206	122	161	173	101	42	79	219	391	314	288	343	100	11
16021	0	0	0	4	0	0	0	0	4	0	2	0	0	0	4	0	0	0	0	2	3	0	3	0	0	0	0	0	0	0	0	0	0	0	0	0	4	2	0	0	0	0	4	0	0	0	0	3	0	0	35	11	0



	5621	5821	6021	6221	6421	6621	6821	7021	7221	7421	7621	7821	8021	8221	8421	8621	8821	9021	9221	9421	9621	9821	10021	10221	10421	10621	10821	11021	11221	11421	11621	11821	12021	12221	12421	12621	12821	13021	13221	13421	13621	13821	14021	14221	14421	14621	14821	15021	15221	15421	15621	15821	16021
5621	0	4.5255	78.4988999999999	109.1795	71.2069999999999	61.1276	10.2806	25.9738	85.9214000000001	73.3298999999999	66.6927999999999	71.8113999999999	64.5131000000001	86.7791999999999	80.8699999999999	61.5154	88.0649	68.7726	89.6812000000002	92.3856999999999	84.7984000000001	47.8567	74.3438999999999	62.3633	39.9537999999999	57.2418000000001	61.5166	55.2927	60.9512	66.8247	89.2876	63.0812	32.2378	144.0496	55.2321	31.6235	82.5164000000001	107.3453	75.6478	103.089	89.1678	85.0689	67.0223999999999	91.1316999999999	66.7219	50.2721	53.3097	109.7924	96.0293	88.5623000000001	46.1032	13.5496	0
5821	3.7399	47.2671999999999	109.296	181.1922	117.8253	189.3584	122.8955	70.8482000000001	67.2073999999999	49.8344	57.2263	73.052	84.5776000000001	59.1867	69.7061	64.6512	158.7359	113.2814	141.9067	118.2046	176.552700000001	174.4114	133.0803	115.1326	106.5054	191.8979	93.1224999999999	108.4801	137.4033	176.0563	126.2875	146.2273	86.9115000000001	154.8538	101.4693	129.9722	166.7012	196.647100000001	142.2891	111.1709	196.1144	119.1028	90.1462000000002	100.3618	132.6833	99.8430999999997	210.2143	151.9673	161.6304	153.4086	185.979	40.9235	0
6021	70.7787	100.8652	42.2660000000001	115.95	107.519	279.124100000001	157.2658	139.3849	100.0995	109.8451	91.0901999999998	184.8012	103.0303	98.7246999999997	26.9675	36.7838	116.8597	62.1494	76.4107	80.8868000000001	61.5126	61.2854000000002	84.8102999999999	41.2214000000001	75.7417	107.8931	64.0931	107.9257	102.6931	169.3701	115.4293	140.909	81.2263	103.1812	111.5916	92.4994000000001	213.5765	201.910500000001	130.6765	160.1465	127.9358	76.1357999999998	77.3146	102.7191	103.4179	119.9731	160.5656	131.4761	167.4354	109.6695	166.8374	35.3749	0
6221	100.2179	169.8353	111.1154	27.8484	83.6883000000001	279.0109	116.2804	153.7765	124.1207	155.677199999999	125.1264	161.5647	106.9581	99.5008999999997	107.3901	106.1218	132.8901	97.8256	162.3186	148.9269	110.3047	55.6569999999999	61.4284999999999	67.5059999999998	79.4519999999999	97.8717	109.3066	48.6067	72.0107000000001	84.7555000000001	26.0093	60.6383	52.7709999999999	82.4854999999999	66.9994999999999	117.7586	131.1425	146.5558	82.7205999999999	66.2807	105.3987	63.8125	87.6064	80.1909	132.3414	78.2747000000001	132.1039	101.3131	152.205399999999	112.4549	175.6332	37.8264	0.5533
6421	65.8714999999999	106.6723	100.1751	79.2105	18.2849	158.916700000001	126.4963	77.5974999999999	72.3562	102.7859	56.5306999999999	117.6771	71.7604999999999	41.3298	49.4109	37.525	50.5254	28.1428999999999	116.1008	64.4936000000001	75.5169999999999	71.218	54.2274000000001	65.9420000000001	64.6785000000001	47.2656999999999	29.3492	54.1695	71.7801000000002	63.5008999999999	47.9444999999999	47.9975	86.2906000000001	36.1146	14.2238	68.9666999999999	41.7128	76.8539999999999	42.6638000000001	33.5039	39.7801	12.7611	34.2627	12.0715	66.1353	37.4956999999999	94.6851000000001	117.3174	115.4906	62.8707	137.0199	37.1613	0
6621	53.2474	185.18	274.762700000001	279.0802	159.2235	280.138	129.3681	238.7547	240.5539	150.5201	181.2431	242.2092	217.1835	191.7034	198.1449	154.7209	215.6421	231.367399999999	245.2731	158.8404	232.3711	181.6297	205.7852	155.5607	189.778900000001	208.9971	145.7244	188.081099999999	213.471999999999	240.446799999999	169.6043	224.132200000001	160.2095	185.2848	154.2972	173.7004	220.258299999999	285.026499999999	202.9463	196.6589	183.737	168.1996	173.0061	143.4003	179.0521	94.1144000000001	143.0368	187.3337	163.6046	139.8968	212.304099999999	75.8331999999999	0
6821	10.386	131.8961	170.9975	125.9978	137.3621	135.9999	46.4981000000001	110.3304	86.0068	112.4859	144.9144	149.683299999999	145.624	100.6992	123.4746	98.3200000000001	152.1558	137.1088	182.5241	155.836	168.4352	114.9741	101.8717	96.5490000000001	86.172	129.1378	63.2227000000001	126.5267	103.6194	180.8265	149.2049	135.5888	100.1288	101.8991	67.7251000000001	118.5306	195.6308	161.0256	105.0551	110.215	102.3295	103.1126	97.9514000000001	89.1825	105.0293	82.6250999999999	167.4695	126.3729	171.6055	107.4616	166.7366	36.8278	0
7021	26.3148	73.6427	148.6298	166.7048	87.2729	243.386800000001	102.7488	37.6085	112.2742	107.3022	84.1937	111.1667	114.7852	133.2235	85.2476	47.8801	132.632	111.5174	183.8927	143.6557	125.669	101.3099	120.5523	77.4054999999999	62.5374	145.3652	78.3783000000001	102.6064	64.2865	157.6196	107.4307	98.3479000000002	72.3550999999999	107.5197	51.2259999999999	101.0134	189.1627	115.0101	108.4224	104.1056	106.7614	103.7393	62.2133999999998	64.9663	102.6529	80.5940000000001	135.6675	199.8936	148.7711	90.7207000000002	211.9885	43.365	0
7221	78.1579	65.2444999999999	105.4333	131.9778	79.5388999999999	244.553899999999	78.7579000000001	105.4152	41.2237	36.7273	92.4410000000002	81.1107000000003	108.6082	92.1019	76.9641	41.3511	131.5111	85.2442999999999	102.0802	118.0547	123.3731	122.7923	94.7795999999998	66.6432999999999	58.9649	121.7298	56.1434	85.5921	89.2755999999999	116.7764	99.8494999999999	113.9376	48.9279	75.1831999999999	96.1465	125.1375	94.2886	148.1348	90.3980000000001	145.5429	101.32	70.9376000000001	73.3236	68.1703000000001	59.2915	36.6105	117.7648	103.7051	131.3959	102.2912	130.9327	27.5831	0.5525
7421	67.07	50.6405	117.4637	163.1832	112.0409	151.2764	105.1796	99.8881	35.7133	26.0648	94.0904	97.2901999999997	114.4759	89.8223	57.5816	26.5768	157.7816	105.5894	128.6121	139.0029	81.5468	106.2856	99.5656000000003	109.2288	88.0119	152.6927	58.7442	63.5622	86.6876000000001	115.4237	97.5636	118.9161	46.1785000000001	100.634	75.9662	68.8429000000001	131.7167	113.5997	134.512	84.8387000000002	96.4811999999998	84.1136999999998	55.1707	44.5410999999999	65.4372999999999	58.9737	121.4888	126.3377	116.1816	64.8939000000001	163.8637	57.8507	0
7621	59.3034999999999	57.3312000000001	95.9326999999999	136.6422	62.8069999999999	186.9276	134.7873	73.8466000000002	85.6166	86.4223999999999	4.4695	65.6809	99.1358	52.7976999999999	46.9662	50.9624	117.442	48.3637	87.6037	107.6387	116.0333	62.4262999999999	81.4417	46.3065	71.7385	86.4392999999998	31.0963	75.0568999999999	48.7909	85.8812000000002	54.8789000000001	90.8306000000003	31.4116	41.669	28.221	77.4008	119.4327	88.5801000000001	50.9671999999999	69.7756000000001	47.3173	42.8622	27.0456	9.9036	50.7782	41.4801	101.4498	103.871	115.7608	56.5907	132.4454	11.5397	0.0974
7821	64.5432999999999	71.5746	197.5	177.0035	126.8126	243.4499	142.6076	102.1673	78.3193	91.0650000000002	61.0489	34.1092	123.6318	139.9731	94.2939000000001	64.5037	142.5928	107.0841	194.692299999999	174.5581	167.0585	162.0001	92.9987	113.9914	86.3940999999999	162.7317	60.9221999999999	81.421	99.2128	176.795599999999	156.3825	184.6195	94.8375000000002	102.418	72.2221999999999	148.0483	146.3599	131.7789	136.7213	154.5022	172.9576	67.6685999999999	59.5785000000001	100.0798	111.2897	93.5546000000003	188.1042	165.8901	197.2008	116.6578	204.207500000001	37.2105	0
8021	56.9990000000001	83.6548000000001	109.111	113.6826	75.224	215.5916	134.5577	105.655	102.0672	105.443	90.2504000000001	116.5559	27.8381999999999	67.101	80.5561999999999	53.2913999999999	112.2912	52.4614000000001	135.8825	112.7828	122.7338	106.1291	79.4077999999999	120.3924	56.5600999999999	111.9114	57.6114999999999	88.4537000000002	62.3448999999999	146.5317	103.1862	92.7464999999999	94.1469999999998	99.3663	95.8026000000002	93.5003999999999	116.6374	90.8967000000001	86.7743999999998	96.9826999999998	95.5560000000001	49.5938000000001	66.5954999999999	65.7350999999999	72.7902999999999	70.7481000000001	137.6899	84.3139000000001	117.1535	101.0142	185.6904	48.257	0
8221	80.9717000000001	60.9857000000002	105.7905	109.1958	44.2471	192.3938	93.6519	122.6395	82.8697000000001	83.4728000000001	47.6348	131.8887	64.0769	25.2446	48.762	37.0346	115.8722	47.2034999999999	66.9978000000001	88.3102000000001	91.6817000000002	89.0438999999999	114.0729	52.5545	58.9483999999999	142.4973	41.1802	58.4214	65.4379999999999	117.2604	80.7092	66.2046999999999	47.5574	92.7863	27.7868	117.8685	81.1184000000001	76.6055	93.7858	58.9619000000001	45.4858000000001	44.6321	41.5069	22.4635	72.2104999999999	33.4532	49.2212	122.1105	127.0499	61.6246999999999	134.3054	29.0717	0
8421	71.4854999999999	66.6557	27.1941	115.774	53.3927	196.592399999999	118.9409	76.0316999999999	66.4859	53.3979	45.7815	86.0699	75.2967	45.4545	0	23.7672	75.5800000000003	56.1985000000001	57.9824	70.1023	53.4408999999999	94.2705999999998	47.9722999999999	33.528	62.6130000000001	72.4638	23.1165	37.6271	22.2646	92.2227	53.3638999999999	45.3066000000001	41.1665	34.0843	20.6701	99.6322	88.3189000000001	27.7957	63.1161	50.7361	37.2902	35.7523	22.2036	11.8627	56.2577	20.0743	63.5298	107.1779	102.146	47.3525	109.2096	32.1889	0.2898
8621	56.8301	61.5908000000001	37.5315	114.3786	40.1358	161.0548	93.8928000000002	42.7418	37.8745	24.4886	48.4608000000001	60.5510999999999	50.6324	35.9241	22.3866	1.2059	44.6285000000001	41.0653	63.9904	58.8532	105.7529	73.4444999999998	75.2771	62.5062	64.3197	89.5724	22.7257	58.5613	30.6544	110.93	19.9207	28.4411	34.0541	50.6818	31.1463	87.6339999999999	105.0482	69.5767000000001	72.7393	59.3969	22.7078	20.8403	34.3131	15.626	71.2357999999999	55.5771000000001	56.4323	77.3356999999998	103.4514	41.8786	87.4821000000002	15.7051	0
8821	81.2284999999999	146.041299999999	118.0635	140.8064	56.8183	218.4659	141.9184	121.8696	117.2077	143.3383	105.5406	130.953	100.9804	107.5455	68.0046999999999	42.0345	30.4426	54.1213999999999	168.7795	144.6717	103.3429	136.8181	110.1543	106.626	64.3264	196.3139	59.4731000000001	66.5255000000002	99.8561999999999	186.8666	98.5022999999999	60.8651	44.3799	109.1173	82.9075999999999	112.3199	164.4622	130.1609	121.9695	75.8350999999999	94.7466	55.0596	37.7452	49.1345	82.1558	49.6163	168.106	153.6844	157.4295	83.1499999999998	154.9161	27.9087	0
9021	63.7473000000002	106.3355	64.4258000000001	106.6718	30.7647	241.857000000001	129.879499999999	104.5836	77.2716	101.0862	44.8638000000001	99.5043999999998	50.0396	43.35	52.7532	38.4529	48.9159	19.6726	70.4190000000001	118.0867	126.3857	109.5037	81.4888	52.2908999999999	44.2897000000001	104.504	42.5945	53.076	66.3148	128.512	81.5743999999999	60.4732	64.9912	116.5487	55.2363999999999	74.2705000000001	126.4833	109.2429	90.0846000000002	58.2863999999999	86.1290999999999	32.9307	20.4945	40.9462	64.0131999999999	94.3627	105.0183	115.3525	123.2432	69.9467	68.8517999999999	7.7441	0
9221	81.5820999999999	133.5181	79.2889999999999	175.5961	128.5236	252.4385	171.5561	172.1968	94.7741999999999	118.1968	81.8313999999999	175.7257	125.5672	62.5161	53.8792	54.754	150.1607	65.936	35.5918	128.0959	148.6056	167.4922	107.7397	118.6703	86.3189000000001	136.3441	46.3636999999999	90.6672000000001	70.9002	218.5376	118.8988	116.5488	98.5505	112.3316	78.8830999999999	125.8929	155.6409	149.3575	121.6239	140.0474	131.191200000001	87.4201999999999	76.3442	91.9712999999998	137.8235	84.5269000000001	152.6888	162.804099999999	226.2928	94.4983000000001	142.3457	29.5091	0
9421	83.9948	112.8477	84.1021	165.763299999999	73.6256	165.8458	141.7817	134.8502	110.3111	127.1463	101.3071	161.8347	108.4336	82.4445	61.9137	52.9786999999999	131.2334	108.9429	119.6604	53.0684	66.9291000000001	84.8092999999999	84.9311	79.7447000000002	64.8906999999998	130.1666	74.6645	104.6457	90.9081999999999	129.4831	79.4080999999999	105.4652	57.8759999999998	78.8919	37.9325	109.1836	149.528899999999	98.7981000000002	96.9314000000001	81.1214000000002	87.4677000000002	65.1313	47.9217	34.7615	97.0602000000001	31.0332	117.1661	156.3854	122.9225	77.4434	161.1857	46.4040999999999	0.2595
9621	75.1688000000001	163.9791	58.7995999999999	121.6261	80.6626000000002	232.384600000001	155.5311	114.6475	114.1346	75.4348	105.4022	151.6071	115.8412	85.5886	48.6104	95.1008999999999	93.9052999999998	118.9432	136.5703	62.8987000000001	15.7292	51.9549	94.5901999999998	121.3619	105.4312	175.3202	76.9065000000001	105.1636	93.5460999999999	196.031000000001	88.3351	80.7318	48.0656	120.7856	93.8647000000002	76.0833000000001	139.9025	168.422099999999	135.3347	137.9998	143.5627	93.7931000000002	42.8486000000001	74.2845999999999	107.8389	98.3226999999999	132.2639	133.0735	108.4718	109.244	216.1863	39.022	0.3972
9821	43.5849	158.0975	57.0564	62.1904	79.9968999999998	180.3447	106.7817	93.8598	114.3178	99.5081	58.4599000000001	148.5033	98.8175999999999	83.7260999999999	86.5787	66.4665000000001	123.7983	102.384	153.2381	77.9936	49.1481	14.8709	86.4142999999997	72.0075999999999	52.0146999999999	134.8012	75.7791000000002	113.4463	74.1545000000003	97.1544000000001	100.3318	64.3276999999999	99.5429	71.8147	67.6634999999998	60.7535999999998	138.3498	151.6751	124.9581	95.7818000000002	92.8513999999999	90.6052999999998	60.9476	95.9244999999999	108.0762	142.789	121.5677	79.7004000000001	87.0941999999999	64.4687999999999	162.4155	33.5961	0
10021	68.0366	124.1953	78.9034000000002	65.5926999999999	58.5914	208.6737	93.9003999999999	109.9828	88.1948000000001	90.7391000000003	74.8973	86.4213000000001	73.4538999999999	109.2883	43.34	69.4863999999999	102.8951	75.4295999999999	98.6052	78.0320000000002	88.9277	79.6881000000001	26.591	58.7230999999999	56.3095	127.1241	48.8100999999999	66.434	50.9267	131.2108	50.2124	88.1094000000001	37.719	75.1327	39.7323	76.5734000000002	79.0313	84.0133999999999	77.1511	53.2483	63.7310999999999	45.9856	31.8681	47.2486	55.0618000000001	41.14	59.7036999999999	83.4477	104.8641	63.1997999999999	112.5661	19.2803	0.2867
10221	56.5932000000001	106.7736	37.7591	71.0111	72.7568999999999	156.636000000001	91.5590999999999	72.3882000000001	61.4425000000001	102.81	43.5597	107.3187	114.2087	49.8168000000001	31.452	58.8774	99.3633000000002	46.8142999999999	108.3234	73.8061999999998	114.2895	67.7387999999998	56.0343	9.48920000000001	45.7798	82.9742999999999	38.1007	54.8796	51.8012	54.5728	62.8668000000001	63.8573999999999	40.3835	58.2953999999999	61.0183999999999	69.8504999999999	89.7954999999999	93.4136999999998	89.1444000000001	89.3830999999999	25.9481	51.8154000000002	68.7267999999998	13.4388	67.8478	34.8729	125.7464	75.9485000000001	96.5782000000002	66.1649000000002	110.6788	45.6276	0
10421	36.9298999999999	100.6226	71.0017	84.6663999999999	69.5387000000001	197.1652	81.9361000000002	58.5304	54.7476	83.0506	67.8596	77.4977	52.1211999999999	55.3867999999998	60.1102000000001	60.8965999999999	60.7713999999999	40.6129	80.0658999999999	58.2454	100.6071	46.7753	52.4321000000001	42.2731	15.3707	70.208	43.0319999999999	48.2236000000001	108.6413	141.229	97.3397000000001	84.9518999999998	37.6237000000001	58.879	46.6012	67.0617	163.041099999999	136.5316	128.2606	85.4843999999999	72.2907	51.0386000000001	45.7134999999999	27.5677	63.0778	49.9569000000001	89.4152999999999	158.3425	122.9801	49.7737000000001	134.0039	24.7111	0
10621	51.3938	175.953	99.2869999999998	103.1671	52.8374999999999	210.0914	119.3005	130.0589	112.6155	142.8016	75.1527999999999	146.008	100.3808	135.9567	65.2635	79.1623	176.6494	95.1239999999998	122.356	118.9777	159.1918	120.4426	116.9703	73.6479	65.9147999999998	30.0739	36.1508	75.1735	51.4503	89.1165000000002	92.3684000000003	66.4935999999999	40.1927000000001	61.5852	77.3904000000001	95.5391999999997	109.5598	121.6362	70.7922	74.6528	99.3573999999999	66.2300000000001	40.5441	39.0814000000001	101.9379	60.2523	120.568	84.082	100.1178	95.9405000000001	130.0398	33.7532	0
10821	52.1583	85.3333999999999	57.4461	116.6086	30.8937	149.680999999999	59.3347000000001	72.6797	51.7309	54.4703999999999	29.3143	51.8874	52.8928	38.6272	22.3634	22.8236	53.3464	41.2191	42.6457	67.5883	73.5109	67.3058	45.7988	32.5467	41.0335	33.413	1.0185	43.5064	27.7282	71.6715	31.4968	42.1874	11.882	58.5533	14.1426	110.796	104.0051	36.6725	66.0084999999999	49.0974	49.5903	42.5166	38.8139	25.7929	78.7615	50.689	73.4417	72.6181999999999	102.6317	35.0679	82.664	9.53060000000001	0
11021	50.7940999999999	100.3461	103.7323	50.9871	57.8597	189.6281	117.7876	91.6215999999999	79.9447999999998	58.3847	69.3597	70.901	84.3924	54.3262	35.259	53.2331	59.9033	49.8189	83.4838999999998	96.6343999999997	96.5398	102.0742	62.7385	51.1728999999999	46.0921	71.5901	40.2982	6.511	40.6136	130.1232	95.2312000000002	77.6672	45.8424	37.6425	41.6885	109.204	156.9152	77.4556	97.8850999999999	91.2529999999998	80.9167	42.6042	31.8201	19.787	74.1086	36.8088	104.9073	147.3513	90.1606000000001	42.6247	126.2383	26.9381	0
11221	57.8292000000001	129.9288	96.7178	70.6528000000001	78.0921	222.758499999999	97.0722000000002	59.7961999999999	83.9137999999999	82.7178000000001	46.5864999999999	90.8361000000001	57.9543999999999	61.974	19.6943	28.5148	94.4661	61.0313	66.3259	86.5792	86.9777000000001	67.4738000000001	47.8372	48.4015	103.7747	49.6806	24.8251	38.4317	13.9003	80.9456000000002	102.6475	114.358	52.6881	124.8391	62.5984	132.8671	136.4669	137.615	103.3343	94.7099000000001	90.4660999999998	55.1773	54.4005	47.4029	74.2700999999999	26.3083	102.3914	101.763	144.8756	70.756	94.1088999999999	24.958	0
11421	61.2938000000001	164.5264	153.017	81.2366	69.2270999999999	243.7481	169.7952	142.14	106.2009	106.1843	75.9972	158.617	136.0413	109.7001	85.9681	100.6386	173.693699999999	115.4843	198.5891	118.0612	181.6296	89.9692999999999	123.4469	49.9016	131.0054	80.5679000000001	64.2455999999999	116.9084	77.5489999999999	28.5457	81.7742999999997	116.3254	54.8636000000001	74.8951000000002	61.9020999999999	103.1921	135.5046	133.0647	105.3619	86.9949	84.1719999999999	72.3957	30.1768	45.8784	102.5418	42.3385	161.3354	152.7766	163.0363	80.2890999999999	159.4533	26.3458	0
11621	78.0392999999998	117.144	108.7166	26.2026	52.7797999999999	175.1818	137.0852	98.0997000000001	93.1956999999997	88.4854999999999	50.5785999999999	145.9995	97.1262	76.1648	47.9953	18.1498	91.5211000000001	74.6414000000001	108.7766	71.4288999999999	78.8373000000001	91.8410999999998	46.5072	58.5548	89.8094000000001	80.5268	29.0179	88.6412000000003	92.3535999999999	72.6768	29.5144	50.9924	75.7694	50.5933	50.3594	96.4843	141.8828	105.9731	91.6404	47.9394999999999	55.9582999999999	34.5562999999999	35.1508	39.9034	62.4661	37.9634	76.8956	77.0788000000001	109.6144	56.8471	123.6807	25.2547	0
11821	55.3988999999999	132.979	130.468	60.2395999999999	51.3642	225.3996	125.6557	88.3505000000001	104.1811	109.7533	84.3690000000002	168.7	85.8254999999998	62.5498000000001	42.6879	26.4607	53.22	54.4310999999999	105.6262	96.3455000000002	74.6168999999998	56.9004	80.2797000000002	59.3765000000001	78.0938999999998	64.2159	39.1071	70.9038999999998	102.9075	105.7212	46.0453999999999	14.3347	47.1848	78.6972	89.8175	71.0570000000001	92.5902	62.8997	40.6385000000001	42.53	92.3746000000001	54.1401	32.8824	36.2864	97.1571	35.3524	64.4890000000001	76.3240000000001	73.6555999999999	58.1058	114.6499	49.7355	0
12021	30.1723	81.2914999999999	74.4511	51.0418	91.6275999999998	160.1325	93.2193999999999	67.3899	45.5183	42.0439999999999	29.1049	85.4742999999999	86.0222999999999	46.3311	39.2676	32.0663	43.3066	61.965	88.1234000000002	52.0119	45.2182	88.3250000000001	34.7514	35.3589000000001	34.8168000000001	36.9951	11.84	41.4927	46.9697	50.2526000000001	69.2143000000001	44.0299	18.747	44.6377000000001	71.4573	124.9106	100.4049	69.3427	113.5677	68.9094999999999	83.75	36.3389	49.6644	31.832	62.4908	61.8479	102.5129	116.6925	145.0057	37.7688	100.6588	41.49	0
12221	127.0215	143.8374	93.8295	78.3514999999999	39.4872	188.1346	94.4065000000003	97.9675000000001	68.8184	92.4215999999999	38.3138	94.8297	91.9858999999999	87.2596999999999	30.5073	47.3371	101.9254	107.0265	98.7306999999999	71.6477000000001	111.4223	64.5474	68.0927	52.5451999999999	54.2713999999999	56.3687000000001	54.9428	34.0692	112.0742	67.9720000000001	45.0585999999999	71.3407999999999	41.5454	18.1104	62.2829999999999	70.3888999999999	73.3880000000001	78.5208000000001	54.1063	75.9261000000001	47.9201999999999	63.9743	42.7848	73.2176999999999	68.3453000000001	42.4838	70.8064	75.9706000000001	100.7147	67.4034	132.5855	15.7602	0
12421	47.5646	92.3924	102.7578	60.7354	14.2441	156.3337	63.5807000000001	48.3141999999999	86.8320999999999	72.4921999999999	26.6457	67.3656000000001	91.1178000000001	26.2869	18.9668	28.2062	76.3581	50.0874	70.6521999999998	34.831	86.6978000000002	58.9114	37.4226999999999	54.3115	42.8492000000001	71.9294	13.8773	38.3051	56.7949	58.0794	44.8052	83.8451999999999	65.8120999999999	57.2562	1.5364	42.9259999999999	48.3034	54.9285000000001	63.1915000000001	52.4873	30.5826	50.8995	33.7864	15.5827	60.1565000000001	52.8011	70.7711999999999	69.3321	108.1199	36.0826	62.9290000000001	13.2051	0
12621	28.7977000000001	117.1089	86.4797999999999	108.13	71.0119	174.5227	107.1969	90.9678000000001	110.3129	62.5624999999998	70.5946000000001	132.9952	88.7191000000001	107.1277	88.6357000000001	75.8918000000001	99.0161000000001	66.8987	113.9725	92.7331999999999	71.1996000000001	56.5022	68.1624999999999	62.4214	61.647	87.8404999999999	101.2457	96.7113	118.2358	93.374	88.2206000000002	64.1123	109.7614	63.6175999999998	39.2147999999999	13.3258	56.0546	144.2086	167.4156	132.1246	129.1906	78.2342999999997	72.6475000000001	71.4782999999999	91.5955999999998	65.5432	135.9634	162.5373	117.7876	83.1313	206.669	49.7294000000001	0
12821	73.7412	156.3461	199.4113	123.3537	44.2939999999999	225.959299999999	186.87	178.7695	87.1018999999999	125.184	114.2568	137.1899	107.0536	77.0733000000001	79.9766	97.1508000000001	153.1796	117.7596	141.6386	134.9567	130.0965	125.1082	69.5689	83.3396	152.0723	100.3333	97.83	145.7741	125.0803	121.609	134.6042	83.5445999999999	93.856	65.2017000000001	42.9747	53.9558	28.9004	67.0109000000001	77.624	79.1472999999999	64.6496	44.6337000000001	41.868	16.5021	104.0013	46.188	148.1549	145.1644	184.2109	54.2025	118.5991	23.1373	0.2387
13021	96.2513999999999	182.8785	189.1632	129.8192	81.9	288.181	149.410299999999	102.7484	136.387	103.4195	82.712	121.147	84.6762000000001	71.4823	23.9189	64.8063999999999	120.0083	102.3474	136.7034	91.6028	156.0942	138.8283	76.0900999999999	85.2994999999999	126.6244	113.0642	33.4559	72.2808999999999	125.0259	122.5666	98.2877	58.4803999999999	64.0925999999999	71.9725	50.8108	135.5459	62.3466999999999	22.6452	61.2910999999999	72.0955	87.2374000000001	81.0901999999999	22.0238	34.3316	84.7779	76.4086	160.946	169.3478	130.698	85.4291000000001	143.542	15.9517	0.2872
13221	68.562	133.056	121.1978	73.1683000000002	45.3556999999999	205.215100000001	94.8553	99.5953999999999	83.4906999999998	126.1348	46.3168	126.6599	81.5573	87.4430999999998	57.8289999999999	68.3758	113.2469	83.0159000000001	108.6747	87.2113999999998	124.0006	115.2394	72.5012	82.1756999999999	120.7035	65.2122	61.379	89.4659	93.3375000000001	96.9754	85.8237000000001	35.6921	105.0473	50.4431	57.9073	159.873	71.4607000000001	57.2979	12.9254	47.4743000000001	44.1179999999999	28.2597	39.5099	36.6249	63.6233000000001	44.9892	78.1201000000001	84.5448999999998	130.059299999999	61.8005	112.7917	32.373	0
13421	94.8327999999998	104.3693	149.5619	61.3789	34.3084000000001	200.382	101.2789	90.1147999999999	134.291	78.0488	65.3708000000001	142.6971	91.5557000000001	56.0075000000001	45.6594	54.4829999999999	69.576	55.2615999999999	128.3249	74.6062	126.3899	88.4157999999999	48.5493999999999	83.6223999999997	78.2478999999999	68.1998	46.012	84.4195000000001	85.6588	80.6402	44.0078	39.0801	62.8531999999999	67.0514	47.9469	123.9836	73.8245	65.8675	45.1554	7.99499999999999	30.5769	62.6614000000001	43.3865	28.7533	84.9269	35.516	147.1398	149.313	118.2795	60.9882	112.3927	20.3593	0
13621	80.7059000000002	179.2574	119.4436	93.0832000000004	36.5889	182.8486	93.2110000000001	96.2612000000002	90.2161	89.7218	43.3887	161.3219	89.4303000000002	41.4317	32.6446	19.4198	87.3351000000002	79.7387	115.9504	78.6154000000001	129.0748	85.4941000000001	57.8434999999999	24.2353	65.4983	89.0667999999999	45.6755	72.8895	77.6518999999998	74.2288999999999	51.2516999999999	83.3613000000001	72.8859000000002	40.3967	28.2658	117.8552	58.0609	79.0402	40.4808	26.2322	4.3305	37.2258	31.1737	52.0446999999999	71.2782999999999	50.6479	108.6233	106.7797	90.1476999999999	88.7260000000001	123.6351	10.5753	0
13821	75.0466999999999	112.1056	68.637	58.4621	12.3173	175.7975	93.3844	90.3382999999998	62.6767	78.2551	40.6284	63.0379999999999	46.4447	40.9961	32.4445	19.2525	49.7321	29.2188	78.4294	60.1473	84.5441999999999	82.5606	44.8879	48.2208	48.175	62.508	41.0281	39.3685999999999	50.3314	67.2952999999999	32.0439	50.443	32.8641999999999	58.6641	46.3749999999999	73.9472	41.5471	73.706	26.1482	57.014	33.7326	27.9311	4.12	20.4869	97.5855000000001	32.4395	67.6364999999999	83.3027	75.6364000000001	59.8031999999999	128.0076	19.5296	0
14021	57.7318999999999	82.0109999999999	71.8116	77.0221	31.9098	172.828000000001	92.0291000000001	57.4677999999999	66.8828000000001	49.8557000000001	26.268	51.4959	60.6774	39.8424999999999	20.7132	33.0635	34.1083	19.1107	68.5556000000001	45.227	36.1002	56.5898	28.9645	62.3409000000001	41.6322	37.7967	37.8279	28.996	48.5974999999999	29.5632	31.4154	30.6683	45.1072999999999	38.327	30.9557	64.3231000000001	38.0777999999999	19.8315	35.7667	41.1071	28.9853	4.12	0	10.4266	35.1167	31.8172	49.4132	56.7455	93.9594999999998	16.1355	72.9287999999999	24.3086	1.026
14221	83.2803999999999	91.3187000000001	91.2604999999999	69.7623	11.6421	148.8819	81.3795000000001	57.9031	60.0452	41.9753	9.4176	90.9513999999999	60.1731999999999	20.156	11.2642	13.1971	45.7462	37.2936	83.1581999999998	30.5541	67.5459999999998	87.2283999999998	43.274	11.846	25.296	35.7369	24.4321	18.7502	42.9773	42.195	34.7392	32.7402	28.9323	65.0066	14.2464	66.0287	15.8053	29.6011	31.8299	25.541	48.2172999999999	18.3186	9.9644	0	20.7373	40.0997	68.1714	114.2688	110.1556	42.5193	78.0639999999999	13.3982	0
14421	58.8163	119.6524	93.4088	123.9608	59.4189999999999	177.5876	94.3061999999999	90.7376	51.2362	59.1793000000001	44.347	97.4805999999998	66.3456	68.9605	49.1619000000001	65.1075999999999	77.5691000000001	57.1685999999999	125.4704	88.4554999999998	100.2412	96.6554000000002	51.833	61.3006	58.6891	94.9054000000001	70.9733999999999	67.9419	67.2787999999999	92.0437000000001	57.7761000000001	89.2168000000003	56.5768	64.7501	54.3783	82.8362999999996	90.3167	77.4865	56.3815	74.7127	63.7675	88.5498	34.3193	19.9716	0	25.6749	48.3878	105.1951	76.4175999999999	80.1724	132.8655	5.7157	0
14621	45.7129	89.0714999999998	109.4279	70.7887000000002	33.3554	96.5382999999998	75.1089	75.1463999999995	32.6939	54.0224	38.8863	85.7182000000002	66.3440000000001	31.8689	18.0855	54.1612	43.8213000000001	85.7104999999999	75.8057000000002	26.8614	90.7613000000005	130.5532	38.2731	32.3564	44.9221999999999	56.6517999999999	49.1024	33.8163	23.8385	39.205	33.5747	31.4186	57.5028	39.8733	49.1582	60.6979	41.2627	68.172	40.1593	32.739	44.3714	30.1239	28.5829	38.9277	24.5835	0	74.0128000000001	85.3541999999999	104.3275	20.8816	73.4926	9.57789999999999	0
14821	47.8687	192.6158	147.0887	119.3625	88.8035000000001	135.7747	150.2625	124.3153	110.9875	113.297	93.3728999999998	169.3908	130.8375	46.128	58.0495999999999	47.8451	150.2305	96.6713000000003	140.7523	102.0845	118.0404	111.108	53.8290999999999	112.3508	80.0361000000001	108.4217	66.0945	93.5967999999999	90.7576	146.3754	68.2391999999999	61.6554999999999	91.8859000000001	61.1413999999999	64.3731999999998	121.2413	139.2953	146.3101	70.1904000000001	138.3153	101.6429	60.1165000000001	47.5862	58.8472999999999	43.1695	68.823	45.1799	88.7182000000001	170.5	106.0509	208.9182	37.6243	0
15021	101.0082	143.6287	123.0222	96.4306000000002	108.3355	176.0677	118.4486	185.917899999999	96.8497	119.0348	98.7580000000001	154.1549	78.4219000000002	114.0147	99.2703	70.1997	141.568	109.478	155.3307	145.0208	123.3588	72.3693	75.2639000000001	69.3270000000002	147.9882	78.7606999999999	65.4065000000001	139.619	93.5254999999999	142.9281	68.5873	69.7006000000001	108.375	69.6771999999999	64.0312	153.1058	136.621199999999	154.689	77.1794999999999	140.7402	101.0844	76.9963999999999	52.9247	103.9099	98.0802	79.5693	82.8153	50.5587999999999	94.993	110.8613	186.614400000001	42.5904	0.3721
15221	85.5717000000001	149.8974	152.2652	143.8555	105.6803	151.2986	158.6972	137.0992	121.6791	107.1586	104.7747	178.4461	108.7203	119.3987	92.9840000000002	93.7799000000002	143.2694	116.942	203.8344	109.9134	99.7803000000002	77.5990000000001	95.1347000000004	86.5302999999998	110.5468	89.0176999999998	96.3119000000001	83.3667999999999	131.6798	149.3411	101.7028	67.3315	130.8623	87.3099	97.6631999999997	105.415600000001	168.4723	116.7551	118.6241	108.514300000001	82.9098000000001	68.4014000000002	87.5781000000002	94.6424000000004	68.7047000000001	96.3662000000003	154.1085	89.5812	21.7329	35.9468	188.291	40.6578000000001	0
15421	80.6430999999999	142.0801	100.9858	103.895	54.9179	128.6647	98.2715000000002	83.4647000000002	93.2423000000002	60.0525000000001	52.3607	105.1148	94.6897999999999	57.8820999999999	42.4027999999999	36.987	71.2725	66.1695000000001	83.6822000000002	67.5043	99.2701	58.3109	56.5434	59.3675000000001	45.5423	90.0183	31.2072	37.7862	60.7542000000001	73.414	50.1389	49.9456000000001	31.1705	63.3692	31.5668	74.1006999999999	49.5526	78.3652	57.7709	55.5187999999998	82.1074	54.3262	14.9076	37.4962	73.5109	18.5805	91.9056999999999	104.1799	33.3827	26.9748	81.3756000000001	39.5617	0
15621	42.6634	180.5308	165.0199	176.5114	129.2081	219.9056	163.8425	211.9802	130.072	163.4893	136.6166	197.7897	188.8673	138.5045	103.9347	82.6585000000001	151.8876	68.8921999999999	140.5344	154.2287	217.5856	163.4821	112.5685	109.9538	133.231	132.1449	78.5547	121.2447	87.9867000000002	162.0428	117.9788	113.6559	96.1673000000001	137.5019	62.1542	198.2303	122.5061	132.1959	113.2603	108.8275	117.4222	123.49	72.2933	72.0569999999999	127.6478	69.4756	196.032	188.741100000001	189.8113	83.8859	106.2329	47.8404000000001	3.0456
15821	13.9174	42.575	38.2063	40.1443999999999	39.7088	79.2341	37.8172	45.7514	29.8496	59.8166	13.7941	37.8937	50.5119000000001	30.0631	34.9661	16.3247	28.8259	8.1718	33.2398	48.8493999999999	42.2195000000001	34.0567999999999	19.9058	47.5289000000001	26.2972	35.8483	9.949	28.5848	25.7673000000001	28.703	26.3903	51.6078999999999	42.1533999999999	16.6134	14.4585	53.1220000000001	25.2516	16.3016	33.9839	21.4436	10.7938	20.2541	27.5934	13.8186	5.9779	9.98800000000001	39.4816999999999	45.4610999999999	42.5790000000001	41.7031	49.1505000000001	21.4276	2.704
16021	0	0	0	0.5644	0	0	0	0	0.5594	0	0.167	0	0	0	0.2975	0	0	0	0	0.3348	0.4123	0	0.2954	0	0	0	0	0	0	0	0	0	0	0	0	0	0.2439	0.2912	0	0	0	0	1.026	0	0	0	0	0.4018	0	0	2.9347	2.704	0
